-----------------------------------
Algorithm 1 Results for array #1
-----------------------------------
Original Array: [1, 2, 4, -1, 4, -10, 4, -19, 18, -1, -3, -4, 11, 3, -20, 19, -33, 50, 66, -22, -4, -55, 91, 100, -102, 9, 10, 19, -10, 10, 11, 11, -10, -18, 50, 90]
Maximum subarray: [50, 66, -22, -4, -55, 91, 100, -102, 9, 10, 19, -10, 10, 11, 11, -10, -18, 50, 90]
Maximum sum: 296

-----------------------------------
Algorithm 1 Results for array #2
-----------------------------------
Original Array: [12, 12, 14, -88, -1, 45, 6, 8, -33, 2, 8, -9, -33, -8, -23, -77, -89, 1, 9, 10, 92, 87]
Maximum subarray: [1, 9, 10, 92, 87]
Maximum sum: 199

-----------------------------------
Algorithm 1 Results for array #3
-----------------------------------
Original Array: [565, 78, 33, 9, 10, 84, 71, -4, -22, -55, -10, 76, -9, -9, -11, 76, 89, 11, 10, -33, 9]
Maximum subarray: [565, 78, 33, 9, 10, 84, 71, -4, -22, -55, -10, 76, -9, -9, -11, 76, 89, 11, 10]
Maximum sum: 992

-----------------------------------
Algorithm 1 Results for array #4
-----------------------------------
Original Array: [2, 3, 3, 3, 3, 3, 3, 3, 3, 3, 3, 3, 3, 3, 3, 3, 3, 3, 3, 3, 3, 3, 3, 3, 3, 3, 3, 3, 3, 3, 3]
Maximum subarray: [2, 3, 3, 3, 3, 3, 3, 3, 3, 3, 3, 3, 3, 3, 3, 3, 3, 3, 3, 3, 3, 3, 3, 3, 3, 3, 3, 3, 3, 3, 3]
Maximum sum: 92

-----------------------------------
Algorithm 1 Results for array #5
-----------------------------------
Original Array: [2]
Maximum subarray: [2]
Maximum sum: 2

-----------------------------------
Algorithm 1 Results for array #6
-----------------------------------
Original Array: [-1, -1, -1, -1, -1, -100, -10, -10, 100, 100, 100, 100, -100, 100, 10, -10, -1]
Maximum subarray: [100, 100, 100, 100, -100, 100, 10]
Maximum sum: 410

-----------------------------------
Algorithm 1 Results for array #7
-----------------------------------
Original Array: [12, 23, 44, -17, 12, 14, -88, -1, 45, 6, 8, -33, 2, 8, -9, -33, -8, -23, -77, -89, 1, 9, 13, -25, 10, 92, 57, 99, -22]
Maximum subarray: [10, 92, 57, 99]
Maximum sum: 258

-----------------------------------
Algorithm 2 Results for array #1
-----------------------------------
Original Array: [1, 2, 4, -1, 4, -10, 4, -19, 18, -1, -3, -4, 11, 3, -20, 19, -33, 50, 66, -22, -4, -55, 91, 100, -102, 9, 10, 19, -10, 10, 11, 11, -10, -18, 50, 90]
Maximum subarray: [50, 66, -22, -4, -55, 91, 100, -102, 9, 10, 19, -10, 10, 11, 11, -10, -18, 50, 90]
Maximum sum: 296

-----------------------------------
Algorithm 2 Results for array #2
-----------------------------------
Original Array: [12, 12, 14, -88, -1, 45, 6, 8, -33, 2, 8, -9, -33, -8, -23, -77, -89, 1, 9, 10, 92, 87]
Maximum subarray: [1, 9, 10, 92, 87]
Maximum sum: 199

-----------------------------------
Algorithm 2 Results for array #3
-----------------------------------
Original Array: [565, 78, 33, 9, 10, 84, 71, -4, -22, -55, -10, 76, -9, -9, -11, 76, 89, 11, 10, -33, 9]
Maximum subarray: [565, 78, 33, 9, 10, 84, 71, -4, -22, -55, -10, 76, -9, -9, -11, 76, 89, 11, 10]
Maximum sum: 992

-----------------------------------
Algorithm 2 Results for array #4
-----------------------------------
Original Array: [2, 3, 3, 3, 3, 3, 3, 3, 3, 3, 3, 3, 3, 3, 3, 3, 3, 3, 3, 3, 3, 3, 3, 3, 3, 3, 3, 3, 3, 3, 3]
Maximum subarray: [2, 3, 3, 3, 3, 3, 3, 3, 3, 3, 3, 3, 3, 3, 3, 3, 3, 3, 3, 3, 3, 3, 3, 3, 3, 3, 3, 3, 3, 3, 3]
Maximum sum: 92

-----------------------------------
Algorithm 2 Results for array #5
-----------------------------------
Original Array: [2]
Maximum subarray: [2]
Maximum sum: 2

-----------------------------------
Algorithm 2 Results for array #6
-----------------------------------
Original Array: [-1, -1, -1, -1, -1, -100, -10, -10, 100, 100, 100, 100, -100, 100, 10, -10, -1]
Maximum subarray: [100, 100, 100, 100, -100, 100, 10]
Maximum sum: 410

-----------------------------------
Algorithm 2 Results for array #7
-----------------------------------
Original Array: [12, 23, 44, -17, 12, 14, -88, -1, 45, 6, 8, -33, 2, 8, -9, -33, -8, -23, -77, -89, 1, 9, 13, -25, 10, 92, 57, 99, -22]
Maximum subarray: [10, 92, 57, 99]
Maximum sum: 258

-----------------------------------
Algorithm 3 Results for array #1
-----------------------------------
Original Array: [1, 2, 4, -1, 4, -10, 4, -19, 18, -1, -3, -4, 11, 3, -20, 19, -33, 50, 66, -22, -4, -55, 91, 100, -102, 9, 10, 19, -10, 10, 11, 11, -10, -18, 50, 90]
Maximum subarray: [50, 66, -22, -4, -55, 91, 100, -102, 9, 10, 19, -10, 10, 11, 11, -10, -18, 50, 90]
Maximum sum: 296

-----------------------------------
Algorithm 3 Results for array #2
-----------------------------------
Original Array: [12, 12, 14, -88, -1, 45, 6, 8, -33, 2, 8, -9, -33, -8, -23, -77, -89, 1, 9, 10, 92, 87]
Maximum subarray: [1, 9, 10, 92, 87]
Maximum sum: 199

-----------------------------------
Algorithm 3 Results for array #3
-----------------------------------
Original Array: [565, 78, 33, 9, 10, 84, 71, -4, -22, -55, -10, 76, -9, -9, -11, 76, 89, 11, 10, -33, 9]
Maximum subarray: [565, 78, 33, 9, 10, 84, 71, -4, -22, -55, -10, 76, -9, -9, -11, 76, 89, 11, 10]
Maximum sum: 992

-----------------------------------
Algorithm 3 Results for array #4
-----------------------------------
Original Array: [2, 3, 3, 3, 3, 3, 3, 3, 3, 3, 3, 3, 3, 3, 3, 3, 3, 3, 3, 3, 3, 3, 3, 3, 3, 3, 3, 3, 3, 3, 3]
Maximum subarray: [2, 3, 3, 3, 3, 3, 3, 3, 3, 3, 3, 3, 3, 3, 3, 3, 3, 3, 3, 3, 3, 3, 3, 3, 3, 3, 3, 3, 3, 3, 3]
Maximum sum: 92

-----------------------------------
Algorithm 3 Results for array #5
-----------------------------------
Original Array: [2]
Maximum subarray: [2]
Maximum sum: 2

-----------------------------------
Algorithm 3 Results for array #6
-----------------------------------
Original Array: [-1, -1, -1, -1, -1, -100, -10, -10, 100, 100, 100, 100, -100, 100, 10, -10, -1]
Maximum subarray: [100, 100, 100, 100, -100, 100, 10]
Maximum sum: 410

-----------------------------------
Algorithm 3 Results for array #7
-----------------------------------
Original Array: [12, 23, 44, -17, 12, 14, -88, -1, 45, 6, 8, -33, 2, 8, -9, -33, -8, -23, -77, -89, 1, 9, 13, -25, 10, 92, 57, 99, -22]
Maximum subarray: [10, 92, 57, 99]
Maximum sum: 258

-----------------------------------
Algorithm 2 Results for array #1
-----------------------------------
Original Array: [1, 2, 4, -1, 4, -10, 4, -19, 18, -1, -3, -4, 11, 3, -20, 19, -33, 50, 66, -22, -4, -55, 91, 100, -102, 9, 10, 19, -10, 10, 11, 11, -10, -18, 50, 90]
Maximum subarray: [50, 66, -22, -4, -55, 91, 100, -102, 9, 10, 19, -10, 10, 11, 11, -10, -18, 50, 90]
Maximum sum: 296

-----------------------------------
Algorithm 2 Results for array #2
-----------------------------------
Original Array: [12, 12, 14, -88, -1, 45, 6, 8, -33, 2, 8, -9, -33, -8, -23, -77, -89, 1, 9, 10, 92, 87]
Maximum subarray: [1, 9, 10, 92, 87]
Maximum sum: 199

-----------------------------------
Algorithm 2 Results for array #3
-----------------------------------
Original Array: [565, 78, 33, 9, 10, 84, 71, -4, -22, -55, -10, 76, -9, -9, -11, 76, 89, 11, 10, -33, 9]
Maximum subarray: [565, 78, 33, 9, 10, 84, 71, -4, -22, -55, -10, 76, -9, -9, -11, 76, 89, 11, 10]
Maximum sum: 992

-----------------------------------
Algorithm 2 Results for array #4
-----------------------------------
Original Array: [2, 3, 3, 3, 3, 3, 3, 3, 3, 3, 3, 3, 3, 3, 3, 3, 3, 3, 3, 3, 3, 3, 3, 3, 3, 3, 3, 3, 3, 3, 3]
Maximum subarray: [2, 3, 3, 3, 3, 3, 3, 3, 3, 3, 3, 3, 3, 3, 3, 3, 3, 3, 3, 3, 3, 3, 3, 3, 3, 3, 3, 3, 3, 3, 3]
Maximum sum: 92

-----------------------------------
Algorithm 2 Results for array #5
-----------------------------------
Original Array: [2]
Maximum subarray: [2]
Maximum sum: 2

-----------------------------------
Algorithm 2 Results for array #6
-----------------------------------
Original Array: [-1, -1, -1, -1, -1, -100, -10, -10, 100, 100, 100, 100, -100, 100, 10, -10, -1]
Maximum subarray: [100, 100, 100, 100, -100, 100, 10]
Maximum sum: 410

-----------------------------------
Algorithm 2 Results for array #7
-----------------------------------
Original Array: [12, 23, 44, -17, 12, 14, -88, -1, 45, 6, 8, -33, 2, 8, -9, -33, -8, -23, -77, -89, 1, 9, 13, -25, 10, 92, 57, 99, -22]
Maximum subarray: [10, 92, 57, 99]
Maximum sum: 258

